100206
100307
101309
101915
102008
102513
103818
104012
104416
105014
105115
105620
107018
108121
108828
110613
111514
111716
112112
112920
113922
114217
114419
114924
115017
115219
115825
116726
117930
118124
118528
118730
118932
120212
120717
121618
121921
122620
122822
123521
123824
124220
124624
128026
128127
128632
129331
129634
130619
130821
131419
131722
131823
132017
132118
133827
134021
134728
136732
137027
138837
139839
140117
140319
140824
141119
142828
143325
144832
145127
146129
146937
148335
148436
148840
148941
149236
149741
150625
150726
150928
151829
152831
153429
153631
153732
154229
154532
154734
154936
155635
155938
156031
156435
157942
158136
158338
158540
158843
159138
159239
159441
159744
161630
161731
162026
162935
163331
164131
164636
165638
166438
166640
168341
168745
169949
170631
171330
171532
172433
172938
173334
173637
173738
174841
175035
175237
176239
176744
177241
177645
178142
178243
178647
178748
178950
179245
179346
180836
180937
181232
182032
183034
185341
185846
185947
186141
186444
187143
187345
187547
188347
188448
188549
188751
189450
191033
191841
191942
192136
192439
192641
194645
194746
195041
195445
195647
195849
195950
196346
197348
198653
199453
200614
200917
201414
203418
203923
207426
209127
210415
210617
211215
211316
212015
212419
212823
214423
214524
214625
214726
220721
227432
233326
236130
237334
248339
249947
250932
255639
257845
263436
268749
270332
285345
285446
286650
297655
299154
300618
304020
305830
307127
309636
311320
316835
318637
329440
330324
333330
336841
341834
346137
346945
348545
352738
353740
358144
379657
380036
381038
389357
393247
393550
395251
395756
406432
412528
422632
424939
429040
432332
433839
436239
441939
445543
449753
453441
459453
479762
495255
500222
506234
512835
517239
519950
520228
522434
523032
524135
525541
529549
531536
536647
545345
548250
555348
557857
565452
567961
572045
573249
576255
579867
580347
580751
585256
588565
592455
597869
599065
604537
616645
617748
618952
627549
628248
633847
638049
645450
647858
654350
656253
656657
662551
663755
664757
667056
668361
671855
677766
679770
685058
686969
690152
693764
700634
704238
707749
715950
720337
724446
731140
732243
735148
737960
749058
753150
756055
767464
769064
771354
773257
783462
792564
793465
800941
803240
810843
812746
816653
820745
825048
833148
833249
837964
841349
843151
856766
859671
861456
865363
870861
877269
878776
880157
882161
889579
891667
894067
894774
896778
898176
899885
901442
910241
910443
912447
917558
922854
923755
926862
927359
937160
942658
947668
952863
955465
965367
966975
978578
979984
983773
987983
993675
